$ANSIBLE_VAULT;1.1;AES256
64393931636136356436366265646338653133313661643466343832393237373164383631303761
3262656632336133623639313131353762613330346636340a323732353530306136386162303033
36353333386263333437313963343238306437613231613433633833316135623838373063653866
3264346333323861630a393664613230623238636661373461656637343461333430336432363566
32353862656436373965373961303466393538343638306236313130336439333962313539356261
66353836613461653833326564383137663833653061653532386561376539623066363161376263
64323537633539623734333032316535613562326630343361366230306163316266383062633737
36656638356263303836633535613166663335383965333334616365316637343730326266363936
33366263643463643465393064363338663464343034393837633337316538303663663536633833
64333066306337613034363839326535663037353131616664313561316637326363333333626263
62636662356534316563376464373631626231376335326562633534613439386263373036326264
32636439396562663862373233643966623939613432636261323235363131666534663163303039
33643266386632383763616664316665653037373832626433333839386236353438393734646666
37396663663864633966313730643631386365386533363862306537343430316334643538613162
30643764383363396664306637656238363563383837643665633236386633646530643866623835
31336365623538633266353362313861616337633234363766353430303632333136623237376530
3934
