$ANSIBLE_VAULT;1.1;AES256
62396630393036646336636236366630626438646462663861623233326135316361363031326237
6434316337643034626562376465363931633631663138640a333835343338303038323536623461
38343235333038353531663165623137333233613337633935353561383065646139633439326533
3531616264323266320a666162383363306235386536353834333137306431313539346436366436
35326663376439313465393936643133623931353732643962376464636532303137353538313232
61383766643936373766383638376162663334653930663961663735323431393162336534386530
30366136323732623862353733633134373766383433653862313533663135623062663139316361
35313330623533613635346438366538663132643435643530633933303863626132643662343737
62303062303264633136643632633835326438613162313439646231343563383338336263653834
62366232373164356131303832306562616439356462343039353466363234366339343862323338
35393930343839653364633533386130636639373738613763383162653863313364663664646536
37653563326263303066393739323934356561623038323564393633363261386635373335353636
34316261626634373037346438656364356361353830623438356632643661373934643031653161
63346433376537636335396539363939623063643336656138393966323166316261623235646266
37613766393235323430353331633863316134663930653534316130616562643431303434646235
65346432343636323734306632313339386132353563316335343061343830646533363530663466
34393138373235383534316464316534313764396533316465336533363034353532373232646362
3961626439333937333134613431343033353166626639636666
