$ANSIBLE_VAULT;1.1;AES256
62336361656666333431386663316636366638303564363763323538663033303930666464323439
6435653235313934383034346434653433313930396439360a353835646536373237396161646466
38316630306131363134313531613937616139363962666463363537653636313131616633333863
6663636634366633660a383163313563363166613135346639336438616535316565323366633231
36623534396364656537623336373534316334313838663934313465633837653134323430656265
66636537653532326332366461663439333463323233353139346366643064633332313339353365
37366266353266623963373465633763336539323465313064323433616532656530346165323161
64653234333839373564356138616337323531393462663036313930326337633166633839336562
65643562376262386164356161636139633538633665363865386464373135653365346564666565
37613161656138346466306232323732306464386365383833363739383636316165333434636532
34363064646265386266323866613762616133343832376631313633383437373433306436393364
66306337623337656335343832623435656165666637616539303065386639383934373937363331
37646266653138633461396165383333656263356664373062626637376663303039346138333561
38363432323966333936626533303430323334356461633231643564343138386230653931346236
32353731666530356533656363373564383162626637616330663662336234366434313966386663
62353538323830663763313933613966633239396334313038306639396237653538613761666630
35353964326365383834356336383862633764366230376564623739386466393665653831383036
38613035326466616336326638343638643765306665656138616439366637373236303463643831
32313330663433643237353134363236316434386461376161633261336364666531336333373261
39303638323834303235663738326139306261313666316564373637363835353962386631346162
34356331356238353333353264663930623838653537303035663632623730633065363662316535
66666365363762353866663339346366616266656230363837636465323437646235323733313962
38643734373836613032316137366633653761306162393934353233393364333365323561643832
64353764663664623364326230376436343532653363633961633234393161633330313366643166
31353666326339363731376530376334326638346631633136303837303739306532636236643864
32323037653032326566376530366237373963376334383835353335623930636534666163643561
62393033613464646235666661393236643830653430393733663333346638626366383730663765
38306330613466363266
