$ANSIBLE_VAULT;1.1;AES256
37613638643336643631613462663439636236363565353937366332623730643765353738623539
6236663137363033303837336662643730383233386566390a383165306164333436396139636662
36643433643632333364653663306430643939373136303062323738333639663762643366383461
3835343161326261300a376236376438376466396235643861333939303535666364313233303934
39303330393034626130386531386531336366636561633939666138326165646163613065633831
30616339663063626463323135333337626332663536653066636532323436323932323832623564
65316464313963613039343034363135636436656539363039623064656231313932333733366331
62316564303161383532373461633161333163376362623131376236373162376366333466373231
65396235343031363061356539336332626133326133353533336436323563313033373231613465
66316237376335633434663264346434383065663335613561393831626334306336353363653739
61336138663761373336383238323334616230363962393237393862326334626139373434373333
34663136656364306331626337333739653438393436316238356438396435356464376436656534
32303636353833306632356235373331356635643564646265643838363434363931343161653930
37313266396361646437613461383166616261623130383835383563633362666536326261303734
63336163633431353839663439313062613561373031326634636361346435623234613762316564
30383231306163613863323266366437376431333163613935613136336662613838616663323864
35616533396263636264626365393364326666353032616464643764623338323030623031646635
65633935636566346236653835626136383733333130353137383334613430353962386330393333
34323435363230643162356162383236343237633734353731626161313538306133366164663065
33623137353135303162363465393630646362633934303532616630363062323834373132616631
34396334613932643535303364333636326139306332313166333133643532333466346666656439
65613530636439656436303235346666653865376163333532316533333731623435343535633732
32636164613330613133336163623139343736626139373465393835616131313734363234656638
62326364643166636633323833636361373037643763633264666361623730666533313136646266
3832
