$ANSIBLE_VAULT;1.1;AES256
30613832303734643966356538626461333763343964383837643562653133663566643831306166
6532666533396561396561323330633131626531636430610a363262613330323332616438643963
35383231396239396138323664623631383432653634653331353265303934316339613134356436
3362396562376532300a346231656133336562356631626465653862653538326262333733393065
32353130323536363434616236653935366165386538636261363061663337313638323233646436
31623936643830346637646461363665393738636532366163626236323066366336303033346666
39343831396465353837343564633063316531343233323762383161623463313563643162333434
31663432653661303932386234313562613239613265333538376365346337376564386130363561
39643437313138633834316633333161356562366363663132303362643731313535646562353963
35373437376363646433383530366166623261353532313365393931396163313266666334613239
30623138326330363539613736323737373738323230323433313165663038663236633639613036
36643535356230326237316536373863653663643930383935316635616665616165393935336530
63313431356362313537383831343235323364356238303264633636663238366139636231636438
66343633336334343731363365316439346336386237666363383561663465313961383431653130
36623437633461656364663334653334633761663264316130356234626632646436323434663362
37343834386565323663343135353737386435626664373034336137633938313231396365616464
66333131333333306664633764303039646337353561666133376434333636326536333236333930
34623062613363316338653461353132383733333066353361333331313530666566316331306537
34643938366262656364303730393932343463343830376164393264316535303833373861353539
33653434326335346161313037363439313636303432353239316164343537306636303639373835
35623838393462383739656163666237376665363265386466306338646161303462666637393564
63643965366336656635646366336337313465343331663862373866386335303966373364383665
39366134643632373834343636623838333138356631383937396135353534666139346164633331
30376637363634386631333236393230343632616466316538393664373832663334326237376232
36353033656363323237316464346337616435663965656261373430326533343830303131653338
36613335623163316262353263363032613265383931666632346663316565616463353130666638
62363466333534613735646430313361363864333934373264613030623062373261616166373263
37313138323862633334
